#the number of patterns to be recognized
9

#pattern 0
Data/multi/1.patt
50.0
0.0 0.0
1.00000 	0.00000 	0.00000 	-60.00000
0.00000 	1.00000 	0.00000 	66.00000
0.00000 	0.00000 	1.00000 	0.00000

#pattern 1
Data/multi/2.patt
50.0
0.0 0.0
1.00000 	0.00000 	0.00000 	0.00000
0.00000 	1.00000 	0.00000 	66.00000
0.00000 	0.00000 	1.00000 	0.00000

#pattern 2
Data/multi/3.patt
50.0
0.0 0.0
1.00000 	0.00000 	0.00000 	60.00000
0.00000 	1.00000 	0.00000 	66.00000
0.00000 	0.00000 	1.00000 	0.00000

#pattern 3
Data/multi/4.patt
50.0
0.0 0.0
1.00000 	0.00000 	0.00000 	-60.00000
0.00000 	1.00000 	0.00000 	0.00000
0.00000 	0.00000 	1.00000 	0.00000

#pattern 4
Data/multi/5.patt
50.0
0.0 0.0
1.00000 	0.00000 	0.00000 	0.00000
0.00000 	1.00000 	0.00000 	0.00000
0.00000 	0.00000 	1.00000 	0.00000

#pattern 5
Data/multi/6.patt
50.0
0.0 0.0
1.00000 	0.00000 	0.00000 	60.00000
0.00000 	1.00000 	0.00000 	0.00000
0.00000 	0.00000 	1.00000 	0.00000

#pattern 6
Data/multi/7.patt
50.0
0.0 0.0
1.00000 	0.00000 	0.00000 	-60.00000
0.00000 	1.00000 	0.00000 	-66.00000
0.00000 	0.00000 	1.00000 	0.00000

#pattern 7
Data/multi/8.patt
50.0
0.0 0.0
1.00000 	0.00000 	0.00000 	0.00000
0.00000 	1.00000 	0.00000 	-66.00000
0.00000 	0.00000 	1.00000 	0.00000

#pattern 8
Data/multi/9.patt
50.0
0.0 0.0
1.00000 	0.00000 	0.00000 	60.00000
0.00000 	1.00000 	0.00000 	-66.00000
0.00000 	0.00000 	1.00000 	0.00000

